"Course","Predictionlass","Actual","SEC_NAME","PY","Residuallass","Residual2lass","TERM","Predictionrf","Residualrf","Residual2rf","Predictionxg","Residualxg","Residual2xg","Predictionmean","Residualmean","Residual2mean","Dept","DayPat"
"ANT-102",25,24,"ANT-102-01",20,1,-1,"2018FA",24,0,0,26,2,-2,25,1,-1,"ANT","OL"
"ANT-103",18,15,"ANT-103-01",10,3,-3,"2018FA",14,1,1,13,2,2,15,0,0,"ANT","TUETHU"
"ANT-107",25,24,"ANT-107-01",17,1,-1,"2018FA",22,2,2,22,2,2,23,1,1,"ANT","OL"
"ART-101",13,12,"ART-101-01",16,1,-1,"2018FA",13,1,-1,17,5,-5,14,2,-2,"ART","TUETHU"
"ART-111",9,22,"ART-111-01",7,13,13,"2018FA",10,12,12,8,14,14,9,13,13,"ART","MONWED"
"ART-114",18,11,"ART-114-01",18,7,-7,"2018FA",17,6,-6,17,6,-6,17,6,-6,"ART","MONWED"
"ART-119A",10,20,"ART-119A-01",4,10,10,"2018FA",9,11,11,8,12,12,9,11,11,"ART","MONWED"
"ART-119A",8,11,"ART-119A-02",8,3,3,"2018FA",9,2,2,12,1,-1,10,1,1,"ART","TUETHU"
"ART-119B",4,3,"ART-119B-01",1,1,-1,"2018FA",2,1,1,2,1,1,3,0,0,"ART","MONWED"
"ART-119B",1,2,"ART-119B-02",1,1,1,"2018FA",2,0,0,2,0,0,2,0,0,"ART","TUETHU"
"ART-120A",4,5,"ART-120A-01",2,1,1,"2018FA",3,2,2,3,2,2,3,2,2,"ART","TUETHU"
"ART-120B",3,2,"ART-120B-01",3,1,-1,"2018FA",3,1,-1,3,1,-1,3,1,-1,"ART","TUETHU"
"ART-135A",10,8,"ART-135A-01",8,2,-2,"2018FA",12,4,-4,13,5,-5,12,4,-4,"ART","OL"
"ART-142",10,8,"ART-142-01",8,2,-2,"2018FA",10,2,-2,11,3,-3,10,2,-2,"ART","MONWED"
"ART-146",13,7,"ART-146-01",16,6,-6,"2018FA",12,5,-5,10,3,-3,12,5,-5,"ART","WEDTHU"
"ART-211",9,6,"ART-211-01",5,3,-3,"2018FA",9,3,-3,9,3,-3,9,3,-3,"ART","TUETHU"
"ART-212",2,3,"ART-212-01",1,1,1,"2018FA",4,1,-1,2,1,1,3,0,0,"ART","TUETHU"
"ART-213",8,11,"ART-213-01",7,3,3,"2018FA",10,1,1,9,2,2,9,2,2,"ART","MONWED"
"ASL-101",23,25,"ASL-101-01",23,2,2,"2018FA",20,5,5,22,3,3,22,3,3,"ASL","MONWED"
"BIO-101",10,21,"BIO-101-02",15,11,11,"2018FA",13,8,8,19,2,2,14,7,7,"BIO","TUETHU"
"BIO-110",19,22,"BIO-110-01",18,3,3,"2018FA",19,3,3,18,4,4,19,3,3,"BIO","MONWED"
"BIO-149",11,8,"BIO-149-01",8,3,-3,"2018FA",10,2,-2,5,3,3,9,1,-1,"BIO","MONWED"
"BIO-203",15,11,"BIO-203-01",18,4,-4,"2018FA",14,3,-3,16,5,-5,15,4,-4,"BIO","TUETHU"
"BIO-203",12,9,"BIO-203-02",16,3,-3,"2018FA",13,4,-4,13,4,-4,13,4,-4,"BIO","TUEWEDTHU"
"BIO-203",11,12,"BIO-203-03",4,1,1,"2018FA",9,3,3,11,1,1,10,2,2,"BIO","TUETHU"
"BIO-203",10,8,"BIO-203-04",7,2,-2,"2018FA",11,3,-3,13,5,-5,11,3,-3,"BIO","TUEWEDTHU"
"BIO-203",10,12,"BIO-203-06",10,2,2,"2018FA",10,2,2,12,0,0,11,1,1,"BIO","TUETHU"
"BIO-210",15,20,"BIO-210-01",14,5,5,"2018FA",13,7,7,13,7,7,14,6,6,"BIO","MONWEDFRI"
"BSN-100",23,20,"BSN-100-01",31,3,-3,"2018FA",23,3,-3,26,6,-6,24,4,-4,"BSN","MONWED"
"BSN-100",26,30,"BSN-100-02",26,4,4,"2018FA",26,4,4,24,6,6,25,5,5,"BSN","OL"
"BSN-101A",15,15,"BSN-101A-01",18,0,0,"2018FA",14,1,1,12,3,3,14,1,1,"BSN","MONWED"
"BSN-102",15,13,"BSN-102-01",14,2,-2,"2018FA",12,1,1,12,1,1,13,0,0,"BSN","MONWED"
"BSN-110A",27,21,"BSN-110A-01",31,6,-6,"2018FA",27,6,-6,29,8,-8,28,7,-7,"BSN","TUETHU"
"BSN-110C",16,11,"BSN-110C-01",12,5,-5,"2018FA",13,2,-2,11,0,0,13,2,-2,"BSN","OL"
"BSN-117",11,8,"BSN-117-01",9,3,-3,"2018FA",13,5,-5,12,4,-4,12,4,-4,"BSN","OL"
"BSN-125",20,21,"BSN-125-01",25,1,1,"2018FA",24,3,-3,23,2,-2,22,1,-1,"BSN","OL"
"BSN-210",13,10,"BSN-210-01",12,3,-3,"2018FA",11,1,-1,12,2,-2,12,2,-2,"BSN","OL"
"CHM-101",18,15,"CHM-101-01",16,3,-3,"2018FA",17,2,-2,14,1,1,16,1,-1,"CHM","MONTUEWEDTHU"
"CHM-101",20,19,"CHM-101-02",20,1,-1,"2018FA",19,0,0,19,0,0,19,0,0,"CHM","TUETHU"
"CHM-116",16,12,"CHM-116-01",10,4,-4,"2018FA",12,0,0,14,2,-2,14,2,-2,"CHM","MONWED"
"COU-108",20,11,"COU-108-01",21,9,-9,"2018FA",17,6,-6,21,10,-10,19,8,-8,"COU","OL"
"CRJ-101",22,26,"CRJ-101-01",16,4,4,"2018FA",20,6,6,25,1,1,22,4,4,"CRJ","OL"
"CRJ-103",21,15,"CRJ-103-01",19,6,-6,"2018FA",21,6,-6,20,5,-5,21,6,-6,"CRJ","OL"
"CRJ-108",16,9,"CRJ-108-01",6,7,-7,"2018FA",8,1,1,8,1,1,11,2,-2,"CRJ","OL"
"CRJ-110",10,8,"CRJ-110-01",11,2,-2,"2018FA",12,4,-4,10,2,-2,11,3,-3,"CRJ","OL"
"CUL-101",9,7,"CUL-101-01",7,2,-2,"2018FA",11,4,-4,11,4,-4,10,3,-3,"CUL","MON"
"CUL-102",11,11,"CUL-102-01",7,0,0,"2018FA",10,1,1,10,1,1,10,1,1,"CUL","MONWED"
"CUL-172D",19,9,"CUL-172D-01",11,10,-10,"2018FA",12,3,-3,17,8,-8,16,7,-7,"CUL","FRI"
"DMA-112",12,10,"DMA-112-01",13,2,-2,"2018FA",16,6,-6,13,3,-3,14,4,-4,"DMA","OL"
"ECE-102",11,7,"ECE-102-01",9,4,-4,"2018FA",12,5,-5,11,4,-4,11,4,-4,"ECE","MONWED"
"ECE-102",14,13,"ECE-102-02",10,1,-1,"2018FA",14,1,-1,19,6,-6,16,3,-3,"ECE","OL"
"ECO-101",17,17,"ECO-101-01",14,0,0,"2018FA",13,4,4,10,7,7,13,4,4,"ECO","TUETHU"
"ECO-102",25,31,"ECO-102-01",24,6,6,"2018FA",25,6,6,28,3,3,26,5,5,"ECO","OL"
"ENG-101",17,22,"ENG-101-01",24,5,5,"2018FA",19,3,3,25,3,-3,20,2,2,"ENG","TUETHU"
"ENG-101",18,23,"ENG-101-02",21,5,5,"2018FA",17,6,6,11,12,12,15,8,8,"ENG","MONWED"
"ENG-101",14,27,"ENG-101-03",11,13,13,"2018FA",15,12,12,15,12,12,15,12,12,"ENG","MONWED"
"ENG-101",17,24,"ENG-101-04",16,7,7,"2018FA",16,8,8,20,4,4,18,6,6,"ENG","MONWED"
"ENG-101",18,20,"ENG-101-05",15,2,2,"2018FA",16,4,4,15,5,5,16,4,4,"ENG","OL"
"ENG-101",15,18,"ENG-101-06",6,3,3,"2018FA",14,4,4,14,4,4,14,4,4,"ENG","OL"
"ENG-101",13,21,"ENG-101-07",16,8,8,"2018FA",14,7,7,14,7,7,14,7,7,"ENG","TUETHU"
"ENG-103",21,17,"ENG-103-01",25,4,-4,"2018FA",18,1,-1,19,2,-2,19,2,-2,"ENG","MONWED"
"ENG-103",16,24,"ENG-103-02",7,8,8,"2018FA",16,8,8,23,1,1,18,6,6,"ENG","TUETHU"
"ENG-103",20,21,"ENG-103-04",19,1,1,"2018FA",20,1,1,23,2,-2,21,0,0,"ENG","OL"
"ENG-152",16,18,"ENG-152-01",21,2,2,"2018FA",15,3,3,17,1,1,16,2,2,"ENG","MONWED"
"ENG-158",5,7,"ENG-158-01",8,2,2,"2018FA",9,2,-2,11,4,-4,8,1,-1,"ENG","TUETHU"
"ENG-200",12,4,"ENG-200-01",9,8,-8,"2018FA",11,7,-7,9,5,-5,11,7,-7,"ENG","MONWED"
"EVS-105",10,7,"EVS-105-01",10,3,-3,"2018FA",11,4,-4,12,5,-5,11,4,-4,"EVS","WED"
"FIR-101",11,5,"FIR-101-01",11,6,-6,"2018FA",11,6,-6,10,5,-5,11,6,-6,"FIR","THU"
"FIR-170A",24,26,"FIR-170A-01",22,2,2,"2018FA",22,4,4,21,5,5,22,4,4,"FIR","MONSAT"
"GEG-103",14,13,"GEG-103-01",7,1,-1,"2018FA",12,1,1,11,2,2,12,1,1,"GEG","MONWED"
"GEL-102",22,30,"GEL-102-01",24,8,8,"2018FA",20,10,10,22,8,8,21,9,9,"GEL","MONWED"
"GEL-110",24,27,"GEL-110-01",27,3,3,"2018FA",26,1,1,30,3,-3,27,0,0,"GEL","OL"
"GES-188",15,11,"GES-188-01",17,4,-4,"2018FA",13,2,-2,11,0,0,13,2,-2,"GES","OL"
"HEA-106",8,4,"HEA-106-01",5,4,-4,"2018FA",9,5,-5,8,4,-4,8,4,-4,"HEA","MONWED"
"HEA-108",1,1,"HEA-108-01",2,0,0,"2018FA",2,1,-1,2,1,-1,2,1,-1,"HEA","MON"
"HEA-140C",22,22,"HEA-140C-01",25,0,0,"2018FA",23,1,-1,20,2,2,22,0,0,"HEA","TUETHU"
"HEA-142A",10,11,"HEA-142A-01",7,1,1,"2018FA",10,1,1,12,1,-1,11,0,0,"HEA","TUEWEDTHU"
"HIS-111",24,19,"HIS-111-01",19,5,-5,"2018FA",22,3,-3,20,1,-1,22,3,-3,"HIS","MONWED"
"HIS-127A",17,13,"HIS-127A-01",15,4,-4,"2018FA",17,4,-4,13,0,0,16,3,-3,"HIS","OL"
"MAT-103A",18,15,"MAT-103A-01",19,3,-3,"2018FA",19,4,-4,26,11,-11,21,6,-6,"MAT","MONWED"
"MAT-105",31,26,"MAT-105-01",30,5,-5,"2018FA",26,0,0,31,5,-5,29,3,-3,"MAT","MONWEDFRI"
"MAT-152A",8,10,"MAT-152A-01",7,2,2,"2018FA",8,2,2,8,2,2,8,2,2,"MAT","TUE"
"MAT-152A",12,16,"MAT-152A-02",9,4,4,"2018FA",12,4,4,11,5,5,12,4,4,"MAT","TUETHU"
"MAT-152A",14,15,"MAT-152A-03",13,1,1,"2018FA",14,1,1,15,0,0,14,1,1,"MAT","MONWED"
"MAT-152A",10,9,"MAT-152A-05",4,1,-1,"2018FA",9,0,0,10,1,-1,10,1,-1,"MAT","TUETHU"
"MAT-152B",9,7,"MAT-152B-01",5,2,-2,"2018FA",7,0,0,6,1,1,7,0,0,"MAT","TUE"
"MAT-152B",15,9,"MAT-152B-02",20,6,-6,"2018FA",16,7,-7,13,4,-4,15,6,-6,"MAT","MONWED"
"MAT-152B",13,9,"MAT-152B-03",7,4,-4,"2018FA",13,4,-4,10,1,-1,12,3,-3,"MAT","MONWED"
"MAT-153",10,5,"MAT-153-01",8,5,-5,"2018FA",11,6,-6,8,3,-3,10,5,-5,"MAT","MONWED"
"MAT-154A",11,9,"MAT-154A-01",11,2,-2,"2018FA",9,0,0,9,0,0,10,1,-1,"MAT","TUE"
"MAT-154A",16,11,"MAT-154A-02",16,5,-5,"2018FA",18,7,-7,20,9,-9,18,7,-7,"MAT","MONWED"
"MAT-154A",17,13,"MAT-154A-03",18,4,-4,"2018FA",18,5,-5,16,3,-3,17,4,-4,"MAT","MONWED"
"MAT-154A",17,28,"MAT-154A-04",22,11,11,"2018FA",20,8,8,21,7,7,19,9,9,"MAT","TUETHU"
"MAT-187",17,11,"MAT-187-01",17,6,-6,"2018FA",15,4,-4,15,4,-4,16,5,-5,"MAT","TUETHU"
"MAT-187",12,10,"MAT-187-04",7,2,-2,"2018FA",14,4,-4,8,2,2,11,1,-1,"MAT","MONWED"
"MAT-201",15,17,"MAT-201-01",17,2,2,"2018FA",17,0,0,12,5,5,15,2,2,"MAT","MONWEDFRI"
"MAT-201",22,19,"MAT-201-02",16,3,-3,"2018FA",18,1,1,20,1,-1,20,1,-1,"MAT","OL"
"MAT-201",22,21,"MAT-201-03",19,1,-1,"2018FA",18,3,3,20,1,1,20,1,1,"MAT","OL"
"MAT-202",15,13,"MAT-202-01",14,2,-2,"2018FA",13,0,0,11,2,2,13,0,0,"MAT","MONWEDFRI"
"MOA-235",15,7,"MOA-235-01",16,8,-8,"2018FA",20,13,-13,18,11,-11,18,11,-11,"MOA","OL"
"MOA-238",25,27,"MOA-238-01",25,2,2,"2018FA",24,3,3,25,2,2,25,2,2,"MOA","OL"
"MUS-101",25,21,"MUS-101-01",25,4,-4,"2018FA",23,2,-2,24,3,-3,24,3,-3,"MUS","OL"
"MUS-135",9,13,"MUS-135-01",8,4,4,"2018FA",11,2,2,13,0,0,11,2,2,"MUS","TUE"
"MUS-136",6,3,"MUS-136-01",5,3,-3,"2018FA",6,3,-3,7,4,-4,6,3,-3,"MUS","TUE"
"MUS-141A",10,8,"MUS-141A-01",9,2,-2,"2018FA",10,2,-2,11,3,-3,10,2,-2,"MUS","TUE"
"MUS-248A",17,14,"MUS-248A-01",19,3,-3,"2018FA",17,3,-3,17,3,-3,17,3,-3,"MUS","WED"
"PEA-101C",36,31,"PEA-101C-01",34,5,-5,"2018FA",36,5,-5,34,3,-3,35,4,-4,"PEA","MONTUEWEDTHUFRI"
"PEA-101D",21,24,"PEA-101D-01",20,3,3,"2018FA",20,4,4,19,5,5,20,4,4,"PEA","MONTUEWEDTHUFRI"
"PEF-100G",11,20,"PEF-100G-01",8,9,9,"2018FA",12,8,8,12,8,8,12,8,8,"PEF","MONWED"
"PEF-120A",18,19,"PEF-120A-01",18,1,1,"2018FA",18,1,1,15,4,4,17,2,2,"PEF","OL"
"PEF-120B",24,22,"PEF-120B-01",29,2,-2,"2018FA",24,2,-2,23,1,-1,24,2,-2,"PEF","OL"
"PEF-120C",9,3,"PEF-120C-01",4,6,-6,"2018FA",8,5,-5,8,5,-5,8,5,-5,"PEF","OL"
"PEF-121A",14,6,"PEF-121A-01",14,8,-8,"2018FA",16,10,-10,12,6,-6,14,8,-8,"PEF","OL"
"PEF-121B",13,8,"PEF-121B-01",15,5,-5,"2018FA",15,7,-7,16,8,-8,15,7,-7,"PEF","OL"
"PEF-121C",6,4,"PEF-121C-01",3,2,-2,"2018FA",6,2,-2,3,1,1,5,1,-1,"PEF","OL"
"PEF-123B",6,3,"PEF-123B-01",12,3,-3,"2018FA",10,7,-7,9,6,-6,8,5,-5,"PEF","TUETHU"
"PEF-123F",5,3,"PEF-123F-01",6,2,-2,"2018FA",6,3,-3,6,3,-3,6,3,-3,"PEF","TUETHU"
"PEF-124B",9,1,"PEF-124B-01",9,8,-8,"2018FA",7,6,-6,6,5,-5,7,6,-6,"PEF","TUETHU"
"PEF-124D",3,2,"PEF-124D-01",4,1,-1,"2018FA",4,2,-2,5,3,-3,4,2,-2,"PEF","TUETHU"
"PEF-124F",4,1,"PEF-124F-01",4,3,-3,"2018FA",3,2,-2,3,2,-2,3,2,-2,"PEF","TUETHU"
"PEF-125B",7,6,"PEF-125B-01",8,1,-1,"2018FA",7,1,-1,6,0,0,7,1,-1,"PEF","TUETHU"
"PEF-125C",6,3,"PEF-125C-01",1,3,-3,"2018FA",3,0,0,2,1,1,4,1,-1,"PEF","TUETHU"
"PEF-125E",3,1,"PEF-125E-01",1,2,-2,"2018FA",2,1,-1,2,1,-1,2,1,-1,"PEF","TUETHU"
"PEF-125F",3,1,"PEF-125F-01",2,2,-2,"2018FA",3,2,-2,4,3,-3,3,2,-2,"PEF","TUETHU"
"PEF-140A",12,15,"PEF-140A-01",6,3,3,"2018FA",11,4,4,10,5,5,11,4,4,"PEF","TUETHU"
"PEF-140B",5,4,"PEF-140B-01",2,1,-1,"2018FA",5,1,-1,6,2,-2,5,1,-1,"PEF","TUETHU"
"PEH-101",19,27,"PEH-101-01",15,8,8,"2018FA",17,10,10,18,9,9,18,9,9,"PEH","MONWED"
"PEH-101",26,22,"PEH-101-02",30,4,-4,"2018FA",26,4,-4,29,7,-7,27,5,-5,"PEH","OL"
"PHI-101",15,19,"PHI-101-01",13,4,4,"2018FA",17,2,2,18,1,1,17,2,2,"PHI","OL"
"PHS-111",18,14,"PHS-111-01",17,4,-4,"2018FA",17,3,-3,15,1,-1,17,3,-3,"PHS","TUETHU"
"PHY-104",12,9,"PHY-104-01",6,3,-3,"2018FA",9,0,0,3,6,6,8,1,1,"PHY","MONWEDFRI"
"PHY-207",11,12,"PHY-207-01",12,1,1,"2018FA",10,2,2,8,4,4,10,2,2,"PHY","MONWEDFRI"
"POL-101",22,20,"POL-101-01",25,2,-2,"2018FA",23,3,-3,16,4,4,20,0,0,"POL","TUETHU"
"POL-101",23,23,"POL-101-03",26,0,0,"2018FA",26,3,-3,21,2,2,23,0,0,"POL","OL"
"PSY-101",27,35,"PSY-101-01",29,8,8,"2018FA",27,8,8,33,2,2,29,6,6,"PSY","TUETHU"
"PSY-101",29,26,"PSY-101-02",32,3,-3,"2018FA",29,3,-3,27,1,-1,28,2,-2,"PSY","OL"
"PSY-101",27,30,"PSY-101-03",25,3,3,"2018FA",26,4,4,29,1,1,27,3,3,"PSY","OL"
"PSY-101",23,29,"PSY-101-04",14,6,6,"2018FA",21,8,8,22,7,7,22,7,7,"PSY","OL"
"PSY-102",17,22,"PSY-102-01",22,5,5,"2018FA",17,5,5,15,7,7,16,6,6,"PSY","MONWED"
"PSY-102",20,23,"PSY-102-02",20,3,3,"2018FA",19,4,4,20,3,3,20,3,3,"PSY","OL"
"PSY-104",19,26,"PSY-104-01",26,7,7,"2018FA",25,1,1,23,3,3,22,4,4,"PSY","OL"
"PSY-106",15,14,"PSY-106-01",9,1,-1,"2018FA",15,1,-1,14,0,0,15,1,-1,"PSY","OL"
"PSY-107",14,16,"PSY-107-01",13,2,2,"2018FA",14,2,2,13,3,3,14,2,2,"PSY","OL"
"PSY-202",18,23,"PSY-202-01",19,5,5,"2018FA",18,5,5,23,0,0,20,3,3,"PSY","OL"
"PSY-210",16,12,"PSY-210-01",17,4,-4,"2018FA",17,5,-5,15,3,-3,16,4,-4,"PSY","OL"
"REL-103",13,19,"REL-103-01",9,6,6,"2018FA",14,5,5,16,3,3,14,5,5,"REL","OL"
"RES-151",20,27,"RES-151-01",16,7,7,"2018FA",18,9,9,16,11,11,18,9,9,"RES","OL"
"RES-155",10,16,"RES-155-01",8,6,6,"2018FA",11,5,5,11,5,5,11,5,5,"RES","OL"
"SOC-101",28,27,"SOC-101-01",31,1,-1,"2018FA",26,1,1,32,5,-5,29,2,-2,"SOC","OL"
"SOC-102",11,19,"SOC-102-01",13,8,8,"2018FA",14,5,5,10,9,9,12,7,7,"SOC","OL"
"SOC-103",15,18,"SOC-103-01",10,3,3,"2018FA",14,4,4,15,3,3,15,3,3,"SOC","OL"
"SPA-101",18,24,"SPA-101-01",26,6,6,"2018FA",20,4,4,17,7,7,18,6,6,"SPA","TUETHU"
"SPA-101",24,23,"SPA-101-02",24,1,-1,"2018FA",23,0,0,23,0,0,23,0,0,"SPA","OL"
"SPA-101",20,25,"SPA-101-03",11,5,5,"2018FA",18,7,7,15,10,10,18,7,7,"SPA","OL"
"SPA-101",21,29,"SPA-101-04",18,8,8,"2018FA",18,11,11,18,11,11,19,10,10,"SPA","OL"
"SPA-102",31,33,"SPA-102-01",33,2,2,"2018FA",30,3,3,32,1,1,31,2,2,"SPA","OL"
"SPA-102",30,33,"SPA-102-02",31,3,3,"2018FA",28,5,5,31,2,2,30,3,3,"SPA","OL"
"SPA-103",28,30,"SPA-103-01",27,2,2,"2018FA",25,5,5,25,5,5,26,4,4,"SPA","OL"
"SPA-201",28,34,"SPA-201-01",36,6,6,"2018FA",29,5,5,31,3,3,29,5,5,"SPA","OL"
"SPA-201",23,33,"SPA-201-02",17,10,10,"2018FA",18,15,15,20,13,13,20,13,13,"SPA","OL"
"SPE-101",21,25,"SPE-101-01",17,4,4,"2018FA",17,8,8,23,2,2,20,5,5,"SPE","TUETHU"
"SPE-101",22,35,"SPE-101-02",25,13,13,"2018FA",22,13,13,27,8,8,24,11,11,"SPE","MONWED"
"SPE-102",17,18,"SPE-102-01",21,1,1,"2018FA",18,0,0,17,1,1,17,1,1,"SPE","OL"
"THE-112C",12,15,"THE-112C-01",11,3,3,"2018FA",14,1,1,15,0,0,14,1,1,"THE","OL"
"WLD-100",12,7,"WLD-100-01",11,5,-5,"2018FA",11,4,-4,10,3,-3,11,4,-4,"WLD","TUETHU"
"WLD-104",9,8,"WLD-104-01",5,1,-1,"2018FA",8,0,0,8,0,0,8,0,0,"WLD","MONTHUFRISATSUN"
"WLD-107B",15,19,"WLD-107B-01",17,4,4,"2018FA",14,5,5,16,3,3,15,4,4,"WLD","WEDTHUFRISATSUN"
"WLD-112C",11,9,"WLD-112C-01",11,2,-2,"2018FA",12,3,-3,10,1,-1,11,2,-2,"WLD","SATSUN"
"WLD-112D",8,11,"WLD-112D-01",8,3,3,"2018FA",12,1,-1,18,7,-7,13,2,-2,"WLD","FRISATSUN"
"WLD-120A",11,9,"WLD-120A-01",13,2,-2,"2018FA",12,3,-3,12,3,-3,12,3,-3,"WLD","WEDFRISAT"
"WLD-120B",11,12,"WLD-120B-01",6,1,1,"2018FA",10,2,2,10,2,2,10,2,2,"WLD","FRISATSUN"
"WLD-120C",7,9,"WLD-120C-01",2,2,2,"2018FA",6,3,3,10,1,-1,8,1,1,"WLD","FRISATSUN"
"ANT-102",25,19,"ANT-102-01",29,6,-6,"2018SU",26,7,-7,27,8,-8,26,7,-7,"ANT","OL"
"ANT-103",18,25,"ANT-103-01",17,7,7,"2018SU",19,6,6,24,1,1,20,5,5,"ANT","OL"
"ANT-107",27,28,"ANT-107-01",35,1,1,"2018SU",29,1,-1,35,7,-7,30,2,-2,"ANT","OL"
"ANT-108",16,14,"ANT-108-01",14,2,-2,"2018SU",16,2,-2,15,1,-1,16,2,-2,"ANT","OL"
"ART-145B",9,7,"ART-145B-01",8,2,-2,"2018SU",8,1,-1,7,0,0,8,1,-1,"ART","SATSUN"
"ART-209A",9,16,"ART-209A-01",6,7,7,"2018SU",7,9,9,5,11,11,7,9,9,"ART","MONTUEWEDTHUFRI"
"ART-209B",8,4,"ART-209B-01",5,4,-4,"2018SU",5,1,-1,5,1,-1,6,2,-2,"ART","MONTUEWEDTHUFRI"
"BIO-110",13,19,"BIO-110-01",10,6,6,"2018SU",12,7,7,11,8,8,12,7,7,"BIO","MONWED"
"BIO-111",13,21,"BIO-111-01",10,8,8,"2018SU",12,9,9,13,8,8,13,8,8,"BIO","OL"
"BSN-100",18,18,"BSN-100-01",17,0,0,"2018SU",16,2,2,12,6,6,15,3,3,"BSN","OL"
"COU-146",31,28,"COU-146-01",42,3,-3,"2018SU",34,6,-6,32,4,-4,32,4,-4,"COU","MONTUEWEDTHUFRI"
"CRJ-112",16,12,"CRJ-112-01",16,4,-4,"2018SU",14,2,-2,13,1,-1,14,2,-2,"CRJ","OL"
"ECE-102",16,11,"ECE-102-01",15,5,-5,"2018SU",16,5,-5,14,3,-3,15,4,-4,"ECE","OL"
"ECO-101",20,18,"ECO-101-01",17,2,-2,"2018SU",23,5,-5,24,6,-6,22,4,-4,"ECO","OL"
"ECO-102",19,24,"ECO-102-01",16,5,5,"2018SU",20,4,4,20,4,4,20,4,4,"ECO","OL"
"ENG-101",16,19,"ENG-101-01",19,3,3,"2018SU",17,2,2,21,2,-2,18,1,1,"ENG","OL"
"ENG-103",21,22,"ENG-103-01",26,1,1,"2018SU",21,1,1,18,4,4,20,2,2,"ENG","OL"
"GEG-102",13,13,"GEG-102-01",10,0,0,"2018SU",13,0,0,13,0,0,13,0,0,"GEG","OL"
"GEL-103",17,32,"GEL-103-01",14,15,15,"2018SU",17,15,15,20,12,12,18,14,14,"GEL","OL"
"HUM-105",20,28,"HUM-105-01",20,8,8,"2018SU",23,5,5,24,4,4,22,6,6,"HUM","OL"
"MOA-240",11,7,"MOA-240-01",5,4,-4,"2018SU",10,3,-3,4,3,3,8,1,-1,"MOA","OL"
"MUS-101",23,20,"MUS-101-01",28,3,-3,"2018SU",25,5,-5,24,4,-4,24,4,-4,"MUS","OL"
"MUS-104F",12,11,"MUS-104F-01",10,1,-1,"2018SU",12,1,-1,11,0,0,12,1,-1,"MUS","OL"
"PEA-100A",30,28,"PEA-100A-01",36,2,-2,"2018SU",36,8,-8,34,6,-6,33,5,-5,"PEA","MONTUEWEDTHUFRI"
"PEA-101A",29,30,"PEA-101A-01",35,1,1,"2018SU",35,5,-5,30,0,0,31,1,-1,"PEA","MONTUEWEDTHUFRI"
"PEA-101B",19,24,"PEA-101B-01",22,5,5,"2018SU",21,3,3,23,1,1,21,3,3,"PEA","MONTUEWEDTHUFRI"
"PEF-120A",16,5,"PEF-120A-01",16,11,-11,"2018SU",15,10,-10,11,6,-6,14,9,-9,"PEF","OL"
"PEF-120B",7,7,"PEF-120B-01",1,0,0,"2018SU",8,1,-1,8,1,-1,8,1,-1,"PEF","OL"
"PEF-120C",9,3,"PEF-120C-01",8,6,-6,"2018SU",7,4,-4,5,2,-2,7,4,-4,"PEF","OL"
"PEF-121A",11,12,"PEF-121A-01",11,1,1,"2018SU",9,3,3,8,4,4,9,3,3,"PEF","OL"
"PEF-121B",8,1,"PEF-121B-01",5,7,-7,"2018SU",6,5,-5,3,2,-2,6,5,-5,"PEF","OL"
"PEF-121C",5,3,"PEF-121C-01",2,2,-2,"2018SU",3,0,0,2,1,1,3,0,0,"PEF","OL"
"PEH-101",23,33,"PEH-101-01",27,10,10,"2018SU",21,12,12,21,12,12,22,11,11,"PEH","OL"
"PHI-101",20,25,"PHI-101-01",20,5,5,"2018SU",23,2,2,22,3,3,22,3,3,"PHI","OL"
"PSY-101",26,31,"PSY-101-01",30,5,5,"2018SU",28,3,3,26,5,5,27,4,4,"PSY","OL"
"PSY-102",18,22,"PSY-102-01",18,4,4,"2018SU",19,3,3,23,1,-1,20,2,2,"PSY","OL"
"PSY-202",14,18,"PSY-202-01",8,4,4,"2018SU",16,2,2,13,5,5,14,4,4,"PSY","OL"
"REL-103",15,18,"REL-103-01",10,3,3,"2018SU",16,2,2,18,0,0,16,2,2,"REL","OL"
"SOC-101",27,26,"SOC-101-01",32,1,-1,"2018SU",28,2,-2,25,1,1,27,1,-1,"SOC","OL"
"SOC-103",20,18,"SOC-103-01",23,2,-2,"2018SU",21,3,-3,22,4,-4,21,3,-3,"SOC","OL"
"SPA-101",25,33,"SPA-101-01",31,8,8,"2018SU",28,5,5,31,2,2,28,5,5,"SPA","OL"
"SPA-101",25,30,"SPA-101-02",29,5,5,"2018SU",27,3,3,28,2,2,27,3,3,"SPA","OL"
"SPA-101",21,14,"SPA-101-04",20,7,-7,"2018SU",21,7,-7,19,5,-5,20,6,-6,"SPA","OL"
"SPA-102",30,31,"SPA-102-01",33,1,1,"2018SU",30,1,1,31,0,0,30,1,1,"SPA","OL"
"SPA-103",25,33,"SPA-103-01",28,8,8,"2018SU",27,6,6,24,9,9,25,8,8,"SPA","OL"
"SPE-101",13,10,"SPE-101-01",15,3,-3,"2018SU",15,5,-5,17,7,-7,15,5,-5,"SPE","TUETHU"
"WLD-104",16,14,"WLD-104-01",16,2,-2,"2018SU",14,0,0,13,1,1,14,0,0,"WLD","MONTUETHUFRISATSUN"
"WLD-107B",13,16,"WLD-107B-01",11,3,3,"2018SU",12,4,4,13,3,3,13,3,3,"WLD","WEDTHUFRISATSUN"
"WLD-137C",9,12,"WLD-137C-01",8,3,3,"2018SU",9,3,3,10,2,2,9,3,3,"WLD","TUESAT"
"ANT-102",27,25,"ANT-102-01",32,2,-2,"2019SP",28,3,-3,28,3,-3,28,3,-3,"ANT","OL"
"ANT-103",18,20,"ANT-103-01",17,2,2,"2019SP",16,4,4,15,5,5,16,4,4,"ANT","TUETHU"
"ANT-107",23,32,"ANT-107-01",9,9,9,"2019SP",20,12,12,28,4,4,24,8,8,"ANT","OL"
"ANT-107",23,25,"ANT-107-02",28,2,2,"2019SP",22,3,3,22,3,3,22,3,3,"ANT","TUETHU"
"ART-103",13,14,"ART-103-01",10,1,1,"2019SP",11,3,3,11,3,3,12,2,2,"ART","TUETHU"
"ART-116",7,14,"ART-116-01",6,7,7,"2019SP",9,5,5,10,4,4,9,5,5,"ART","TUETHU"
"ART-118",14,8,"ART-118-01",17,6,-6,"2019SP",13,5,-5,15,7,-7,14,6,-6,"ART","MONWED"
"ART-119A",9,7,"ART-119A-01",11,2,-2,"2019SP",10,3,-3,10,3,-3,10,3,-3,"ART","MONWED"
"ART-119A",9,13,"ART-119A-02",12,4,4,"2019SP",9,4,4,8,5,5,9,4,4,"ART","TUETHU"
"ART-119B",2,2,"ART-119B-01",5,0,0,"2019SP",3,1,-1,3,1,-1,3,1,-1,"ART","MONWED"
"ART-119B",2,2,"ART-119B-02",4,0,0,"2019SP",2,0,0,1,1,1,2,0,0,"ART","TUETHU"
"ART-122",4,5,"ART-122-01",2,1,1,"2019SP",6,1,-1,6,1,-1,5,0,0,"ART","FRI"
"ART-128",6,5,"ART-128-01",6,1,-1,"2019SP",6,1,-1,6,1,-1,6,1,-1,"ART","FRISAT"
"ART-135B",10,6,"ART-135B-01",11,4,-4,"2019SP",12,6,-6,14,8,-8,12,6,-6,"ART","OL"
"ART-211",12,12,"ART-211-01",13,0,0,"2019SP",11,1,1,11,1,1,11,1,1,"ART","MONWED"
"ART-219A",8,9,"ART-219A-01",9,1,1,"2019SP",10,1,-1,10,1,-1,9,0,0,"ART","MONWED"
"ART-228A",8,6,"ART-228A-01",6,2,-2,"2019SP",8,2,-2,8,2,-2,8,2,-2,"ART","FRI"
"ASL-103",11,14,"ASL-103-01",10,3,3,"2019SP",11,3,3,14,0,0,12,2,2,"ASL","MONWED"
"BIO-102",12,12,"BIO-102-01",13,0,0,"2019SP",14,2,-2,15,3,-3,14,2,-2,"BIO","TUETHU"
"BIO-110",22,23,"BIO-110-01",27,1,1,"2019SP",21,2,2,20,3,3,21,2,2,"BIO","TUETHU"
"BIO-120",2,5,"BIO-120-01",4,3,3,"2019SP",8,3,-3,9,4,-4,6,1,-1,"BIO","MON"
"BIO-141A",11,11,"BIO-141A-01",10,0,0,"2019SP",10,1,1,9,2,2,10,1,1,"BIO","TUEFRISAT"
"BIO-201",13,12,"BIO-201-01",11,1,-1,"2019SP",12,0,0,9,3,3,11,1,1,"BIO","MONWED"
"BIO-205",13,9,"BIO-205-01",12,4,-4,"2019SP",12,3,-3,13,4,-4,13,4,-4,"BIO","TUETHU"
"BIO-205",12,5,"BIO-205-02",12,7,-7,"2019SP",11,6,-6,10,5,-5,11,6,-6,"BIO","TUEWEDTHU"
"BIO-205",9,1,"BIO-205-03",5,8,-8,"2019SP",9,8,-8,6,5,-5,8,7,-7,"BIO","TUETHU"
"BIO-205",7,5,"BIO-205-04",3,2,-2,"2019SP",8,3,-3,4,1,1,6,1,-1,"BIO","TUEWEDTHU"
"BSN-100",19,8,"BSN-100-01",15,11,-11,"2019SP",16,8,-8,17,9,-9,17,9,-9,"BSN","TUETHU"
"BSN-100",24,31,"BSN-100-02",28,7,7,"2019SP",23,8,8,22,9,9,23,8,8,"BSN","OL"
"BSN-101A",20,21,"BSN-101A-01",15,1,1,"2019SP",21,0,0,27,6,-6,23,2,-2,"BSN","OL"
"BSN-104",16,16,"BSN-104-01",11,0,0,"2019SP",18,2,-2,17,1,-1,17,1,-1,"BSN","OL"
"BSN-110B",18,12,"BSN-110B-01",14,6,-6,"2019SP",15,3,-3,16,4,-4,16,4,-4,"BSN","OL"
"BSN-110C",18,14,"BSN-110C-01",24,4,-4,"2019SP",22,8,-8,24,10,-10,21,7,-7,"BSN","TUETHU"
"BSN-115",8,7,"BSN-115-01",8,1,-1,"2019SP",10,3,-3,13,6,-6,10,3,-3,"BSN","OL"
"BSN-122",8,6,"BSN-122-01",8,2,-2,"2019SP",10,4,-4,12,6,-6,10,4,-4,"BSN","OL"
"BSN-136",8,2,"BSN-136-01",8,6,-6,"2019SP",10,8,-8,10,8,-8,9,7,-7,"BSN","OL"
"CHM-100",21,24,"CHM-100-01",24,3,3,"2019SP",17,7,7,11,13,13,16,8,8,"CHM","MONWED"
"CHM-100",19,24,"CHM-100-02",19,5,5,"2019SP",18,6,6,15,9,9,17,7,7,"CHM","MONWED"
"CHM-103",11,16,"CHM-103-01",6,5,5,"2019SP",9,7,7,12,4,4,11,5,5,"CHM","TUETHU"
"CHM-103",10,9,"CHM-103-02",10,1,-1,"2019SP",11,2,-2,10,1,-1,10,1,-1,"CHM","MONTUEWEDTHU"
"COM-122",16,28,"COM-122-01",15,12,12,"2019SP",15,13,13,14,14,14,15,13,13,"COM","OL"
"CRJ-104",14,19,"CRJ-104-01",17,5,5,"2019SP",15,4,4,14,5,5,14,5,5,"CRJ","OL"
"CRJ-112",16,11,"CRJ-112-01",14,5,-5,"2019SP",17,6,-6,15,4,-4,16,5,-5,"CRJ","OL"
"CUL-128",15,15,"CUL-128-01",20,0,0,"2019SP",15,0,0,17,2,-2,16,1,-1,"CUL","WED"
"CUL-172E",12,7,"CUL-172E-01",6,5,-5,"2019SP",5,2,2,5,2,2,7,0,0,"CUL","WED"
"DMA-103",10,7,"DMA-103-01",10,3,-3,"2019SP",8,1,-1,7,0,0,8,1,-1,"DMA","MONWED"
"ECE-102",13,10,"ECE-102-02",11,3,-3,"2019SP",12,2,-2,13,3,-3,13,3,-3,"ECE","OL"
"ECO-101",24,27,"ECO-101-01",27,3,3,"2019SP",25,2,2,27,0,0,25,2,2,"ECO","OL"
"ECO-102",21,29,"ECO-102-01",20,8,8,"2019SP",19,10,10,25,4,4,22,7,7,"ECO","OL"
"ENG-101",18,15,"ENG-101-01",24,3,-3,"2019SP",19,4,-4,22,7,-7,20,5,-5,"ENG","MONWED"
"ENG-101",16,7,"ENG-101-02",14,9,-9,"2019SP",16,9,-9,23,16,-16,18,11,-11,"ENG","TUETHU"
"ENG-101",18,25,"ENG-101-05",20,7,7,"2019SP",19,6,6,23,2,2,20,5,5,"ENG","OL"
"ENG-101",19,23,"ENG-101-06",24,4,4,"2019SP",19,4,4,24,1,-1,21,2,2,"ENG","OL"
"ENG-103",21,27,"ENG-103-01",29,6,6,"2019SP",19,8,8,13,14,14,18,9,9,"ENG","MONWED"
"ENG-103",14,23,"ENG-103-03",16,9,9,"2019SP",17,6,6,21,2,2,17,6,6,"ENG","TUETHU"
"ENG-103",21,24,"ENG-103-04",25,3,3,"2019SP",20,4,4,18,6,6,20,4,4,"ENG","OL"
"ENG-103",20,23,"ENG-103-05",24,3,3,"2019SP",19,4,4,19,4,4,19,4,4,"ENG","OL"
"ENG-152",14,10,"ENG-152-01",9,4,-4,"2019SP",12,2,-2,16,6,-6,14,4,-4,"ENG","MONWED"
"ENG-158",5,3,"ENG-158-01",3,2,-2,"2019SP",8,5,-5,11,8,-8,8,5,-5,"ENG","MONWED"
"ENG-211",10,6,"ENG-211-01",10,4,-4,"2019SP",9,3,-3,10,4,-4,10,4,-4,"ENG","TUETHU"
"EVS-103",17,8,"EVS-103-01",17,9,-9,"2019SP",14,6,-6,17,9,-9,16,8,-8,"EVS","TUETHU"
"FIR-167",14,25,"FIR-167-01",25,11,11,"2019SP",21,4,4,19,6,6,18,7,7,"FIR","MONTUEWEDTHUFRI"
"FIR-170C",18,22,"FIR-170C-01",18,4,4,"2019SP",17,5,5,15,7,7,17,5,5,"FIR","MONSAT"
"GEG-106",17,10,"GEG-106-01",15,7,-7,"2019SP",14,4,-4,17,7,-7,16,6,-6,"GEG","OL"
"GEL-103",26,25,"GEL-103-01",28,1,-1,"2019SP",26,1,-1,26,1,-1,26,1,-1,"GEL","OL"
"GES-188",14,14,"GES-188-01",14,0,0,"2019SP",13,1,1,13,1,1,13,1,1,"GES","OL"
"HEA-106",9,9,"HEA-106-01",4,0,0,"2019SP",10,1,-1,8,1,1,9,0,0,"HEA","MONWED"
"HEA-140C",17,21,"HEA-140C-01",17,4,4,"2019SP",15,6,6,15,6,6,16,5,5,"HEA","TUETHU"
"HIS-105",14,21,"HIS-105-01",22,7,7,"2019SP",23,2,-2,21,0,0,19,2,2,"HIS","OL"
"HIS-113",29,32,"HIS-113-01",33,3,3,"2019SP",30,2,2,24,8,8,28,4,4,"HIS","MONWED"
"HIS-127C",14,16,"HIS-127C-01",14,2,2,"2019SP",15,1,1,16,0,0,15,1,1,"HIS","OL"
"HUM-103",14,14,"HUM-103-01",15,0,0,"2019SP",17,3,-3,19,5,-5,17,3,-3,"HUM","OL"
"MAT-103B",12,12,"MAT-103B-01",6,0,0,"2019SP",9,3,3,6,6,6,9,3,3,"MAT","TUETHU"
"MAT-104",16,25,"MAT-104-01",15,9,9,"2019SP",15,10,10,12,13,13,14,11,11,"MAT","MONWED"
"MAT-107",19,18,"MAT-107-01",16,1,-1,"2019SP",16,2,2,15,3,3,17,1,1,"MAT","MONWEDFRI"
"MAT-118",13,4,"MAT-118-01",14,9,-9,"2019SP",14,10,-10,15,11,-11,14,10,-10,"MAT","MONWED"
"MAT-119",4,7,"MAT-119-01",3,3,3,"2019SP",5,2,2,4,3,3,4,3,3,"MAT","FRISAT"
"MAT-152B",15,14,"MAT-152B-02",23,1,-1,"2019SP",15,1,-1,16,2,-2,15,1,-1,"MAT","TUETHU"
"MAT-154A",9,7,"MAT-154A-01",10,2,-2,"2019SP",9,2,-2,8,1,-1,9,2,-2,"MAT","TUE"
"MAT-187",12,10,"MAT-187-02",12,2,-2,"2019SP",13,3,-3,14,4,-4,13,3,-3,"MAT","MONWED"
"MAT-201",13,23,"MAT-201-01",5,10,10,"2019SP",10,13,13,11,12,12,11,12,12,"MAT","MONWEDFRI"
"MAT-201",22,30,"MAT-201-02",37,8,8,"2019SP",30,0,0,35,5,-5,29,1,1,"MAT","TUETHU"
"MAT-201",20,17,"MAT-201-03",13,3,-3,"2019SP",19,2,-2,17,0,0,19,2,-2,"MAT","OL"
"MAT-201",20,16,"MAT-201-04",16,4,-4,"2019SP",18,2,-2,18,2,-2,19,3,-3,"MAT","OL"
"MAT-204",11,12,"MAT-204-01",11,1,1,"2019SP",11,1,1,11,1,1,11,1,1,"MAT","MONWEDFRI"
"MOA-237",18,12,"MOA-237-01",18,6,-6,"2019SP",19,7,-7,17,5,-5,18,6,-6,"MOA","OL"
"MOA-238",22,26,"MOA-238-01",17,4,4,"2019SP",20,6,6,20,6,6,21,5,5,"MOA","OL"
"MUS-101",26,23,"MUS-101-01",27,3,-3,"2019SP",26,3,-3,28,5,-5,27,4,-4,"MUS","OL"
"MUS-104E",24,35,"MUS-104E-01",31,11,11,"2019SP",28,7,7,29,6,6,27,8,8,"MUS","OL"
"MUS-119B",8,5,"MUS-119B-01",8,3,-3,"2019SP",8,3,-3,9,4,-4,8,3,-3,"MUS","MONWED"
"MUS-135",9,13,"MUS-135-01",12,4,4,"2019SP",12,1,1,13,0,0,11,2,2,"MUS","TUE"
"MUS-136",6,1,"MUS-136-01",5,5,-5,"2019SP",7,6,-6,8,7,-7,7,6,-6,"MUS","TUE"
"MUS-141C",7,7,"MUS-141C-01",5,0,0,"2019SP",8,1,-1,8,1,-1,8,1,-1,"MUS","TUE"
"PEA-102A",18,22,"PEA-102A-01",15,4,4,"2019SP",16,6,6,17,5,5,17,5,5,"PEA","TUETHU"
"PEA-102A",20,26,"PEA-102A-02",27,6,6,"2019SP",20,6,6,21,5,5,20,6,6,"PEA","MONWED"
"PEF-101A",14,8,"PEF-101A-01",20,6,-6,"2019SP",15,7,-7,16,8,-8,15,7,-7,"PEF","TUETHU"
"PEF-101AA",8,2,"PEF-101AA-01",4,6,-6,"2019SP",5,3,-3,8,6,-6,7,5,-5,"PEF","TUETHU"
"PEF-101H",10,9,"PEF-101H-01",4,1,-1,"2019SP",7,2,2,7,2,2,8,1,1,"PEF","TUETHU"
"PEF-120A",17,13,"PEF-120A-01",22,4,-4,"2019SP",17,4,-4,14,1,-1,16,3,-3,"PEF","OL"
"PEF-120B",18,10,"PEF-120B-01",16,8,-8,"2019SP",16,6,-6,17,7,-7,17,7,-7,"PEF","OL"
"PEF-120C",10,7,"PEF-120C-01",13,3,-3,"2019SP",14,7,-7,15,8,-8,13,6,-6,"PEF","OL"
"PEF-121A",13,7,"PEF-121A-01",19,6,-6,"2019SP",17,10,-10,15,8,-8,15,8,-8,"PEF","OL"
"PEF-121B",12,3,"PEF-121B-01",14,9,-9,"2019SP",15,12,-12,11,8,-8,13,10,-10,"PEF","OL"
"PEF-121C",6,2,"PEF-121C-01",6,4,-4,"2019SP",8,6,-6,5,3,-3,6,4,-4,"PEF","OL"
"PEF-123B",7,8,"PEF-123B-01",14,1,1,"2019SP",12,4,-4,12,4,-4,10,2,-2,"PEF","TUETHU"
"PEF-123D",7,2,"PEF-123D-01",2,5,-5,"2019SP",3,1,-1,4,2,-2,5,3,-3,"PEF","TUETHU"
"PEF-123F",4,1,"PEF-123F-01",6,3,-3,"2019SP",4,3,-3,4,3,-3,4,3,-3,"PEF","TUETHU"
"PEF-125A",6,5,"PEF-125A-01",6,1,-1,"2019SP",5,0,0,6,1,-1,6,1,-1,"PEF","TUETHU"
"PEF-125D",4,2,"PEF-125D-01",4,2,-2,"2019SP",3,1,-1,3,1,-1,3,1,-1,"PEF","TUETHU"
"PEH-100",21,24,"PEH-100-01",28,3,3,"2019SP",22,2,2,16,8,8,20,4,4,"PEH","OL"
"PEH-101",17,14,"PEH-101-01",16,3,-3,"2019SP",14,0,0,15,1,-1,15,1,-1,"PEH","MONWED"
"PET-106",12,7,"PET-106-01",9,5,-5,"2019SP",10,3,-3,11,4,-4,11,4,-4,"PET","TUETHU"
"PHI-205",10,16,"PHI-205-01",14,6,6,"2019SP",14,2,2,17,1,-1,14,2,2,"PHI","OL"
"PHY-106",8,5,"PHY-106-01",7,3,-3,"2019SP",8,3,-3,7,2,-2,8,3,-3,"PHY","MONWEDFRI"
"PHY-108",14,14,"PHY-108-01",13,0,0,"2019SP",14,0,0,13,1,1,14,0,0,"PHY","MONWEDFRI"
"POL-101",20,17,"POL-101-01",23,3,-3,"2019SP",20,3,-3,19,2,-2,20,3,-3,"POL","TUETHU"
"POL-101",22,21,"POL-101-02",24,1,-1,"2019SP",25,4,-4,23,2,-2,23,2,-2,"POL","OL"
"PSY-101",23,25,"PSY-101-01",22,2,2,"2019SP",21,4,4,21,4,4,22,3,3,"PSY","TUETHU"
"PSY-101",27,31,"PSY-101-02",28,4,4,"2019SP",26,5,5,31,0,0,28,3,3,"PSY","OL"
"PSY-101",25,25,"PSY-101-03",23,0,0,"2019SP",24,1,1,27,2,-2,25,0,0,"PSY","OL"
"PSY-102",18,29,"PSY-102-02",17,11,11,"2019SP",16,13,13,22,7,7,19,10,10,"PSY","OL"
"PSY-103",20,31,"PSY-103-01",25,11,11,"2019SP",24,7,7,23,8,8,22,9,9,"PSY","OL"
"PSY-104",16,22,"PSY-104-01",15,6,6,"2019SP",15,7,7,14,8,8,15,7,7,"PSY","OL"
"PSY-106",15,9,"PSY-106-01",12,6,-6,"2019SP",15,6,-6,14,5,-5,15,6,-6,"PSY","OL"
"PSY-107",12,7,"PSY-107-01",8,5,-5,"2019SP",11,4,-4,11,4,-4,11,4,-4,"PSY","OL"
"PSY-210",16,26,"PSY-210-01",19,10,10,"2019SP",18,8,8,16,10,10,17,9,9,"PSY","OL"
"PSY-211",17,16,"PSY-211-01",23,1,-1,"2019SP",15,1,1,12,4,4,15,1,1,"PSY","TUETHU"
"REL-107",10,12,"REL-107-01",8,2,2,"2019SP",11,1,1,11,1,1,11,1,1,"REL","TUETHU"
"RES-151",20,9,"RES-151-01",25,11,-11,"2019SP",19,10,-10,24,15,-15,21,12,-12,"RES","OL"
"RES-154",13,5,"RES-154-01",22,8,-8,"2019SP",19,14,-14,21,16,-16,18,13,-13,"RES","OL"
"RES-155",12,12,"RES-155-01",14,0,0,"2019SP",14,2,-2,13,1,-1,13,1,-1,"RES","OL"
"SOC-101",28,29,"SOC-101-01",32,1,1,"2019SP",28,1,1,28,1,1,28,1,1,"SOC","OL"
"SOC-102",8,14,"SOC-102-01",7,6,6,"2019SP",10,4,4,11,3,3,10,4,4,"SOC","OL"
"SPA-101",24,29,"SPA-101-01",24,5,5,"2019SP",24,5,5,26,3,3,25,4,4,"SPA","OL"
"SPA-101",25,23,"SPA-101-02",33,2,-2,"2019SP",26,3,-3,28,5,-5,26,3,-3,"SPA","OL"
"SPA-101",22,10,"SPA-101-03",21,12,-12,"2019SP",22,12,-12,24,14,-14,23,13,-13,"SPA","OL"
"SPA-102",30,30,"SPA-102-01",31,0,0,"2019SP",29,1,1,33,3,-3,31,1,-1,"SPA","OL"
"SPA-102",27,18,"SPA-102-02",23,9,-9,"2019SP",24,6,-6,27,9,-9,26,8,-8,"SPA","OL"
"SPA-103",23,13,"SPA-103-01",38,10,-10,"2019SP",23,10,-10,12,1,1,19,6,-6,"SPA","TUETHU"
"SPA-103",21,34,"SPA-103-02",5,13,13,"2019SP",19,15,15,18,16,16,19,15,15,"SPA","OL"
"SPA-103",27,36,"SPA-103-03",32,9,9,"2019SP",26,10,10,24,12,12,26,10,10,"SPA","OL"
"SPA-201",29,31,"SPA-201-01",34,2,2,"2019SP",30,1,1,30,1,1,30,1,1,"SPA","OL"
"SPA-201",25,33,"SPA-201-02",20,8,8,"2019SP",24,9,9,23,10,10,24,9,9,"SPA","OL"
"SPA-203",15,15,"SPA-203-01",12,0,0,"2019SP",13,2,2,10,5,5,13,2,2,"SPA","OL"
"SPE-101",20,21,"SPE-101-01",22,1,1,"2019SP",17,4,4,19,2,2,19,2,2,"SPE","MONWED"
"SPE-104",20,30,"SPE-104-01",26,10,10,"2019SP",22,8,8,24,6,6,22,8,8,"SPE","TUETHU"
"THE-112C",12,9,"THE-112C-01",14,3,-3,"2019SP",15,6,-6,18,9,-9,15,6,-6,"THE","OL"
"WLD-101",14,8,"WLD-101-01",11,6,-6,"2019SP",12,4,-4,13,5,-5,13,5,-5,"WLD","MON"
"WLD-104",9,4,"WLD-104-01",5,5,-5,"2019SP",9,5,-5,7,3,-3,8,4,-4,"WLD","TUETHUFRISATSUN"
"WLD-107A",10,11,"WLD-107A-01",9,1,1,"2019SP",10,1,1,11,0,0,10,1,1,"WLD","WEDFRISATSUN"
"WLD-107B",13,14,"WLD-107B-01",15,1,1,"2019SP",12,2,2,12,2,2,12,2,2,"WLD","WEDTHUFRISATSUN"
"WLD-112C",8,4,"WLD-112C-01",7,4,-4,"2019SP",10,6,-6,8,4,-4,9,5,-5,"WLD","SATSUN"
"WLD-115",11,6,"WLD-115-01",4,5,-5,"2019SP",6,0,0,6,0,0,8,2,-2,"WLD","THUFRISATSUN"
"WLD-117A",14,10,"WLD-117A-01",16,4,-4,"2019SP",13,3,-3,16,6,-6,14,4,-4,"WLD","SATSUN"
"WLD-117B",10,5,"WLD-117B-01",8,5,-5,"2019SP",10,5,-5,10,5,-5,10,5,-5,"WLD","TUETHUFRISATSUN"
"WLD-120C",6,6,"WLD-120C-01",5,0,0,"2019SP",7,1,-1,5,1,1,6,0,0,"WLD","WEDFRISAT"
"WLD-120D",0,1,"WLD-120D-01",2,1,1,"2019SP",4,3,-3,3,2,-2,2,1,-1,"WLD","WEDFRISAT"
"WLD-128B",14,11,"WLD-128B-01",13,3,-3,"2019SP",12,1,-1,14,3,-3,13,2,-2,"WLD","FRISATSUN"
"WLD-140A",11,14,"WLD-140A-01",7,3,3,"2019SP",9,5,5,7,7,7,9,5,5,"WLD","WEDFRISATSUN"
"WLD-140B",6,7,"WLD-140B-01",4,1,1,"2019SP",7,0,0,7,0,0,7,0,0,"WLD","TUETHUSATSUN"
"WLD-141A",3,9,"WLD-141A-01",2,6,6,"2019SP",5,4,4,1,8,8,3,6,6,"WLD","SATSUN"
"WLD-146A",11,8,"WLD-146A-01",10,3,-3,"2019SP",10,2,-2,10,2,-2,10,2,-2,"WLD","THUSATSUN"
"ANT-102",22,24,"ANT-102-01",22,2,2,"2019WI",23,1,1,23,1,1,23,1,1,"ANT","OL"
"ANT-103",24,31,"ANT-103-01",32,7,7,"2019WI",28,3,3,22,9,9,25,6,6,"ANT","OL"
"ANT-107",28,28,"ANT-107-01",33,0,0,"2019WI",29,1,-1,34,6,-6,30,2,-2,"ANT","OL"
"ART-102",13,9,"ART-102-01",12,4,-4,"2019WI",11,2,-2,12,3,-3,12,3,-3,"ART","TUETHU"
"ART-115",12,12,"ART-115-01",12,0,0,"2019WI",10,2,2,9,3,3,10,2,2,"ART","MONWED"
"ART-119A",9,11,"ART-119A-01",8,2,2,"2019WI",10,1,1,10,1,1,10,1,1,"ART","MONWED"
"ART-119A",10,12,"ART-119A-02",8,2,2,"2019WI",9,3,3,12,0,0,10,2,2,"ART","TUETHU"
"ART-119B",3,3,"ART-119B-01",1,0,0,"2019WI",2,1,1,2,1,1,2,1,1,"ART","MONWED"
"ART-119B",4,2,"ART-119B-02",1,2,-2,"2019WI",2,0,0,2,0,0,3,1,-1,"ART","TUETHU"
"ART-120A",6,4,"ART-120A-01",5,2,-2,"2019WI",5,1,-1,6,2,-2,6,2,-2,"ART","TUETHU"
"ART-120B",4,2,"ART-120B-01",1,2,-2,"2019WI",3,1,-1,3,1,-1,3,1,-1,"ART","TUETHU"
"ART-135A",13,11,"ART-135A-01",10,2,-2,"2019WI",14,3,-3,13,2,-2,13,2,-2,"ART","OL"
"ART-146",12,17,"ART-146-01",11,5,5,"2019WI",11,6,6,10,7,7,11,6,6,"ART","WEDTHU"
"ART-210A",16,15,"ART-210A-01",16,1,-1,"2019WI",14,1,1,15,0,0,15,0,0,"ART","TUETHU"
"ART-221A",14,13,"ART-221A-01",14,1,-1,"2019WI",10,3,3,8,5,5,11,2,2,"ART","MONWED"
"ASL-102",11,19,"ASL-102-01",10,8,8,"2019WI",11,8,8,13,6,6,12,7,7,"ASL","MONWED"
"BIO-103",15,12,"BIO-103-01",16,3,-3,"2019WI",16,4,-4,16,4,-4,16,4,-4,"BIO","TUETHU"
"BIO-142",13,6,"BIO-142-01",17,7,-7,"2019WI",12,6,-6,14,8,-8,13,7,-7,"BIO","MONWED"
"BIO-204",14,10,"BIO-204-01",10,4,-4,"2019WI",11,1,-1,11,1,-1,12,2,-2,"BIO","TUETHU"
"BIO-204",16,7,"BIO-204-02",15,9,-9,"2019WI",13,6,-6,14,7,-7,14,7,-7,"BIO","TUEWEDTHU"
"BIO-204",11,2,"BIO-204-03",3,9,-9,"2019WI",9,7,-7,7,5,-5,9,7,-7,"BIO","TUETHU"
"BIO-204",12,7,"BIO-204-04",6,5,-5,"2019WI",9,2,-2,4,3,3,8,1,-1,"BIO","TUEWEDTHU"
"BIO-204",13,10,"BIO-204-05",8,3,-3,"2019WI",11,1,-1,9,1,1,11,1,-1,"BIO","TUETHU"
"BIO-210",13,21,"BIO-210-01",13,8,8,"2019WI",12,9,9,11,10,10,12,9,9,"BIO","MONWEDFRI"
"BIO-212",14,13,"BIO-212-01",13,1,-1,"2019WI",13,0,0,12,1,1,13,0,0,"BIO","MONWED"
"BSN-100",19,19,"BSN-100-01",17,0,0,"2019WI",17,2,2,15,4,4,17,2,2,"BSN","MONWED"
"BSN-100",25,23,"BSN-100-02",27,2,-2,"2019WI",25,2,-2,25,2,-2,25,2,-2,"BSN","OL"
"BSN-104",18,16,"BSN-104-01",16,2,-2,"2019WI",18,2,-2,15,1,1,17,1,-1,"BSN","OL"
"BSN-107",15,21,"BSN-107-01",13,6,6,"2019WI",14,7,7,12,9,9,14,7,7,"BSN","OL"
"BSN-110A",24,29,"BSN-110A-01",24,5,5,"2019WI",24,5,5,27,2,2,25,4,4,"BSN","OL"
"BSN-110B",21,17,"BSN-110B-01",25,4,-4,"2019WI",23,6,-6,26,9,-9,23,6,-6,"BSN","TUETHU"
"BSN-111",12,8,"BSN-111-01",7,4,-4,"2019WI",11,3,-3,10,2,-2,11,3,-3,"BSN","OL"
"BSN-120",10,11,"BSN-120-01",5,1,1,"2019WI",8,3,3,6,5,5,8,3,3,"BSN","OL"
"BSN-135",18,19,"BSN-135-01",17,1,1,"2019WI",20,1,-1,22,3,-3,20,1,-1,"BSN","OL"
"BSN-260",12,14,"BSN-260-01",13,2,2,"2019WI",12,2,2,14,0,0,13,1,1,"BSN","SAT"
"CHM-102",11,18,"CHM-102-01",9,7,7,"2019WI",13,5,5,17,1,1,14,4,4,"CHM","TUETHU"
"CHM-102",12,7,"CHM-102-02",14,5,-5,"2019WI",13,6,-6,11,4,-4,12,5,-5,"CHM","MONTUEWEDTHU"
"COM-122",17,22,"COM-122-01",19,5,5,"2019WI",15,7,7,14,8,8,15,7,7,"COM","OL"
"COU-108",14,9,"COU-108-01",9,5,-5,"2019WI",15,6,-6,16,7,-7,15,6,-6,"COU","OL"
"CRJ-101",16,17,"CRJ-101-01",14,1,1,"2019WI",16,1,1,16,1,1,16,1,1,"CRJ","OL"
"CRJ-102",26,27,"CRJ-102-01",27,1,1,"2019WI",24,3,3,27,0,0,26,1,1,"CRJ","OL"
"CRJ-112",14,28,"CRJ-112-01",14,14,14,"2019WI",12,16,16,11,17,17,12,16,16,"CRJ","OL"
"CUL-161",9,10,"CUL-161-01",12,1,1,"2019WI",10,0,0,5,5,5,8,2,2,"CUL","TUE"
"ECE-102",9,2,"ECE-102-01",5,7,-7,"2019WI",8,6,-6,5,3,-3,7,5,-5,"ECE","MONWED"
"ECE-102",12,7,"ECE-102-02",9,5,-5,"2019WI",12,5,-5,11,4,-4,12,5,-5,"ECE","OL"
"ECO-101",23,28,"ECO-101-01",23,5,5,"2019WI",24,4,4,26,2,2,24,4,4,"ECO","OL"
"ECO-102",18,10,"ECO-102-01",15,8,-8,"2019WI",16,6,-6,15,5,-5,16,6,-6,"ECO","MONWED"
"ENG-101",12,14,"ENG-101-01",7,2,2,"2019WI",16,2,-2,19,5,-5,16,2,-2,"ENG","MONWED"
"ENG-101",19,17,"ENG-101-02",26,2,-2,"2019WI",19,2,-2,24,7,-7,21,4,-4,"ENG","TUETHU"
"ENG-101",18,20,"ENG-101-03",23,2,2,"2019WI",19,1,1,20,0,0,19,1,1,"ENG","MONWED"
"ENG-101",19,23,"ENG-101-05",21,4,4,"2019WI",19,4,4,21,2,2,20,3,3,"ENG","OL"
"ENG-101",19,12,"ENG-101-06",22,7,-7,"2019WI",19,7,-7,23,11,-11,20,8,-8,"ENG","OL"
"ENG-103",18,20,"ENG-103-01",20,2,2,"2019WI",18,2,2,23,3,-3,20,0,0,"ENG","MONWED"
"ENG-103",18,26,"ENG-103-03",22,8,8,"2019WI",18,8,8,23,3,3,20,6,6,"ENG","TUETHU"
"ENG-103",20,27,"ENG-103-04",20,7,7,"2019WI",19,8,8,22,5,5,20,7,7,"ENG","OL"
"ENG-152",13,15,"ENG-152-01",15,2,2,"2019WI",14,1,1,15,0,0,14,1,1,"ENG","MONWED"
"ENG-152",12,7,"ENG-152-02",13,5,-5,"2019WI",12,5,-5,10,3,-3,11,4,-4,"ENG","TUETHU"
"ENG-158",9,7,"ENG-158-01",6,2,-2,"2019WI",8,1,-1,7,0,0,8,1,-1,"ENG","MONWED"
"EVS-104",10,5,"EVS-104-01",9,5,-5,"2019WI",11,6,-6,10,5,-5,10,5,-5,"EVS","TUE"
"FIR-167",16,14,"FIR-167-01",20,2,-2,"2019WI",16,2,-2,18,4,-4,17,3,-3,"FIR","MONTUEWEDTHUFRISAT"
"FIR-170B",15,23,"FIR-170B-01",18,8,8,"2019WI",17,6,6,14,9,9,15,8,8,"FIR","MONFRI"
"GEG-102",17,17,"GEG-102-01",19,0,0,"2019WI",18,1,-1,19,2,-2,18,1,-1,"GEG","OL"
"GEG-113",27,28,"GEG-113-01",36,1,1,"2019WI",30,2,-2,32,4,-4,30,2,-2,"GEG","OL"
"GEL-103",20,19,"GEL-103-01",23,1,-1,"2019WI",21,2,-2,21,2,-2,21,2,-2,"GEL","MONWED"
"GEL-114",16,22,"GEL-114-01",16,6,6,"2019WI",15,7,7,14,8,8,15,7,7,"GEL","TUETHU"
"GES-188",13,12,"GES-188-01",15,1,-1,"2019WI",13,1,-1,13,1,-1,13,1,-1,"GES","OL"
"HEA-106",9,9,"HEA-106-01",6,0,0,"2019WI",10,1,-1,7,2,2,9,0,0,"HEA","MONWED"
"HEA-108",3,1,"HEA-108-01",1,2,-2,"2019WI",1,0,0,2,1,-1,2,1,-1,"HEA","MON"
"HEA-140C",20,25,"HEA-140C-01",25,5,5,"2019WI",20,5,5,20,5,5,20,5,5,"HEA","TUEWEDTHU"
"HEA-142A",13,6,"HEA-142A-01",17,7,-7,"2019WI",13,7,-7,14,8,-8,13,7,-7,"HEA","TUEWEDTHU"
"HEA-143",6,5,"HEA-143-01",4,1,-1,"2019WI",6,1,-1,6,1,-1,6,1,-1,"HEA","TUEWEDTHU"
"HIS-104",16,20,"HIS-104-01",16,4,4,"2019WI",16,4,4,19,1,1,17,3,3,"HIS","OL"
"HIS-112",27,21,"HIS-112-01",32,6,-6,"2019WI",27,6,-6,25,4,-4,26,5,-5,"HIS","MONWED"
"HIS-127B",17,19,"HIS-127B-01",18,2,2,"2019WI",15,4,4,11,8,8,14,5,5,"HIS","OL"
"HUM-105",21,20,"HUM-105-01",20,1,-1,"2019WI",23,3,-3,25,5,-5,23,3,-3,"HUM","OL"
"MAT-103A",17,19,"MAT-103A-01",17,2,2,"2019WI",18,1,1,18,1,1,18,1,1,"MAT","TUETHU"
"MAT-103B",15,27,"MAT-103B-01",16,12,12,"2019WI",16,11,11,15,12,12,15,12,12,"MAT","MONWED"
"MAT-106",20,23,"MAT-106-01",20,3,3,"2019WI",22,1,1,25,2,-2,22,1,1,"MAT","MONWEDFRI"
"MAT-152A",10,18,"MAT-152A-01",9,8,8,"2019WI",10,8,8,9,9,9,10,8,8,"MAT","MONWED"
"MAT-152B",10,15,"MAT-152B-01",7,5,5,"2019WI",13,2,2,16,1,-1,13,2,2,"MAT","MONWED"
"MAT-152B",12,6,"MAT-152B-02",13,6,-6,"2019WI",15,9,-9,15,9,-9,14,8,-8,"MAT","TUETHU"
"MAT-154A",10,8,"MAT-154A-01",7,2,-2,"2019WI",13,5,-5,14,6,-6,12,4,-4,"MAT","MONWED"
"MAT-187",14,8,"MAT-187-01",14,6,-6,"2019WI",13,5,-5,12,4,-4,13,5,-5,"MAT","TUETHU"
"MAT-201",21,29,"MAT-201-01",22,8,8,"2019WI",20,9,9,13,16,16,18,11,11,"MAT","MONWEDFRI"
"MAT-201",23,34,"MAT-201-02",28,11,11,"2019WI",24,10,10,28,6,6,25,9,9,"MAT","TUETHU"
"MAT-201",23,15,"MAT-201-03",21,8,-8,"2019WI",19,4,-4,18,3,-3,20,5,-5,"MAT","OL"
"MAT-203",12,13,"MAT-203-01",11,1,1,"2019WI",11,2,2,10,3,3,11,2,2,"MAT","MONWEDFRI"
"MOA-236",19,10,"MOA-236-01",19,9,-9,"2019WI",20,10,-10,22,12,-12,20,10,-10,"MOA","OL"
"MOA-240",18,12,"MOA-240-01",19,6,-6,"2019WI",20,8,-8,14,2,-2,17,5,-5,"MOA","OL"
"MUS-104B",26,28,"MUS-104B-01",33,2,2,"2019WI",29,1,-1,30,2,-2,28,0,0,"MUS","TUETHU"
"MUS-119A",11,7,"MUS-119A-01",12,4,-4,"2019WI",12,5,-5,9,2,-2,11,4,-4,"MUS","MONWED"
"MUS-135",7,17,"MUS-135-01",4,10,10,"2019WI",9,8,8,5,12,12,7,10,10,"MUS","TUE"
"MUS-136",11,8,"MUS-136-01",15,3,-3,"2019WI",10,2,-2,7,1,1,9,1,-1,"MUS","TUE"
"MUS-141B",9,10,"MUS-141B-01",9,1,1,"2019WI",11,1,-1,12,2,-2,11,1,-1,"MUS","TUE"
"PEA-102A",12,23,"PEA-102A-01",11,11,11,"2019WI",13,10,10,15,8,8,13,10,10,"PEA","TUETHU"
"PEA-102A",15,23,"PEA-102A-02",20,8,8,"2019WI",17,6,6,18,5,5,17,6,6,"PEA","MONWED"
"PEF-100B",9,8,"PEF-100B-01",8,1,-1,"2019WI",10,2,-2,10,2,-2,10,2,-2,"PEF","MONWED"
"PEF-100BB",5,1,"PEF-100BB-01",3,4,-4,"2019WI",4,3,-3,6,5,-5,5,4,-4,"PEF","MONWED"
"PEF-118A",11,10,"PEF-118A-01",13,1,-1,"2019WI",10,0,0,9,1,1,10,0,0,"PEF","MONWED"
"PEF-118B",7,4,"PEF-118B-01",1,3,-3,"2019WI",7,3,-3,6,2,-2,7,3,-3,"PEF","MONWED"
"PEF-118D",6,1,"PEF-118D-01",4,5,-5,"2019WI",4,3,-3,5,4,-4,5,4,-4,"PEF","MONWED"
"PEF-120A",22,6,"PEF-120A-01",28,16,-16,"2019WI",19,13,-13,24,18,-18,22,16,-16,"PEF","OL"
"PEF-120B",19,13,"PEF-120B-01",22,6,-6,"2019WI",18,5,-5,13,0,0,17,4,-4,"PEF","OL"
"PEF-120C",11,12,"PEF-120C-01",8,1,1,"2019WI",9,3,3,8,4,4,9,3,3,"PEF","OL"
"PEF-121A",14,3,"PEF-121A-01",15,11,-11,"2019WI",16,13,-13,15,12,-12,15,12,-12,"PEF","OL"
"PEF-121B",11,6,"PEF-121B-01",8,5,-5,"2019WI",11,5,-5,6,0,0,9,3,-3,"PEF","OL"
"PEF-121C",9,2,"PEF-121C-01",7,7,-7,"2019WI",9,7,-7,5,3,-3,8,6,-6,"PEF","OL"
"PEF-123A",12,8,"PEF-123A-01",14,4,-4,"2019WI",11,3,-3,9,1,-1,11,3,-3,"PEF","TUETHU"
"PEF-123C",7,4,"PEF-123C-01",7,3,-3,"2019WI",6,2,-2,6,2,-2,6,2,-2,"PEF","TUETHU"
"PEF-124A",11,4,"PEF-124A-01",13,7,-7,"2019WI",12,8,-8,13,9,-9,12,8,-8,"PEF","TUETHU"
"PEF-124C",6,3,"PEF-124C-01",3,3,-3,"2019WI",5,2,-2,9,6,-6,7,4,-4,"PEF","TUETHU"
"PEF-124E",7,0,"PEF-124E-01",8,7,-7,"2019WI",6,6,-6,4,4,-4,6,6,-6,"PEF","TUETHU"
"PEF-140E",11,23,"PEF-140E-01",8,12,12,"2019WI",12,11,11,13,10,10,12,11,11,"PEF","TUETHU"
"PEF-140F",4,10,"PEF-140F-01",0,6,6,"2019WI",4,6,6,4,6,6,4,6,6,"PEF","TUETHU"
"PEF-143B",13,17,"PEF-143B-01",16,4,4,"2019WI",12,5,5,13,4,4,13,4,4,"PEF","TUETHU"
"PHI-104",15,17,"PHI-104-01",16,2,2,"2019WI",13,4,4,14,3,3,14,3,3,"PHI","OL"
"PHY-105",9,5,"PHY-105-01",7,4,-4,"2019WI",9,4,-4,6,1,-1,8,3,-3,"PHY","MONWEDFRI"
"PHY-107",17,14,"PHY-107-01",19,3,-3,"2019WI",17,3,-3,19,5,-5,18,4,-4,"PHY","MONWEDFRI"
"POL-101",19,18,"POL-101-01",19,1,-1,"2019WI",17,1,1,14,4,4,17,1,1,"POL","TUETHU"
"PSY-101",26,23,"PSY-101-01",32,3,-3,"2019WI",29,6,-6,20,3,3,25,2,-2,"PSY","TUETHU"
"PSY-101",26,29,"PSY-101-02",24,3,3,"2019WI",26,3,3,33,4,-4,28,1,1,"PSY","OL"
"PSY-101",27,29,"PSY-101-03",27,2,2,"2019WI",27,2,2,31,2,-2,28,1,1,"PSY","OL"
"PSY-102",12,22,"PSY-102-01",9,10,10,"2019WI",14,8,8,13,9,9,13,9,9,"PSY","MONWED"
"PSY-102",18,31,"PSY-102-02",19,13,13,"2019WI",18,13,13,18,13,13,18,13,13,"PSY","OL"
"PSY-103",12,21,"PSY-103-01",9,9,9,"2019WI",12,9,9,14,7,7,13,8,8,"PSY","WED"
"PSY-106",16,16,"PSY-106-01",16,0,0,"2019WI",17,1,-1,12,4,4,15,1,1,"PSY","OL"
"PSY-107",19,15,"PSY-107-01",21,4,-4,"2019WI",19,4,-4,22,7,-7,20,5,-5,"PSY","OL"
"PSY-202",22,29,"PSY-202-01",25,7,7,"2019WI",23,6,6,20,9,9,22,7,7,"PSY","OL"
"PSY-210",19,29,"PSY-210-01",20,10,10,"2019WI",20,9,9,18,11,11,19,10,10,"PSY","OL"
"REL-103",15,25,"REL-103-01",14,10,10,"2019WI",16,9,9,14,11,11,15,10,10,"REL","OL"
"RES-151",20,21,"RES-151-01",23,1,1,"2019WI",18,3,3,17,4,4,18,3,3,"RES","OL"
"SOC-101",29,25,"SOC-101-01",35,4,-4,"2019WI",30,5,-5,31,6,-6,30,5,-5,"SOC","OL"
"SPA-101",21,13,"SPA-101-01",22,8,-8,"2019WI",19,6,-6,20,7,-7,20,7,-7,"SPA","TUETHU"
"SPA-101",23,28,"SPA-101-02",22,5,5,"2019WI",22,6,6,22,6,6,22,6,6,"SPA","OL"
"SPA-101",20,28,"SPA-101-03",13,8,8,"2019WI",22,6,6,23,5,5,22,6,6,"SPA","OL"
"SPA-102",20,20,"SPA-102-01",11,0,0,"2019WI",14,6,6,14,6,6,16,4,4,"SPA","TUETHU"
"SPA-102",30,29,"SPA-102-02",33,1,-1,"2019WI",30,1,-1,31,2,-2,30,1,-1,"SPA","OL"
"SPA-102",30,33,"SPA-102-03",32,3,3,"2019WI",27,6,6,23,10,10,27,6,6,"SPA","OL"
"SPA-103",30,33,"SPA-103-01",34,3,3,"2019WI",31,2,2,33,0,0,31,2,2,"SPA","OL"
"SPA-103",30,37,"SPA-103-02",35,7,7,"2019WI",31,6,6,33,4,4,31,6,6,"SPA","OL"
"SPA-202",18,19,"SPA-202-01",19,1,1,"2019WI",17,2,2,15,4,4,17,2,2,"SPA","OL"
"SPE-101",16,23,"SPE-101-01",13,7,7,"2019WI",17,6,6,24,1,-1,19,4,4,"SPE","TUETHU"
"SPE-101",19,17,"SPE-101-02",22,2,-2,"2019WI",19,2,-2,22,5,-5,20,3,-3,"SPE","MONWED"
"THE-105A",14,17,"THE-105A-01",17,3,3,"2019WI",14,3,3,13,4,4,14,3,3,"THE","MONWED"
"WLD-102",11,6,"WLD-102-01",10,5,-5,"2019WI",11,5,-5,13,7,-7,12,6,-6,"WLD","TUETHU"
"WLD-107A",11,11,"WLD-107A-01",12,0,0,"2019WI",11,0,0,11,0,0,11,0,0,"WLD","WEDFRISATSUN"
"WLD-112E",11,7,"WLD-112E-01",12,4,-4,"2019WI",11,4,-4,14,7,-7,12,5,-5,"WLD","MONWED"
"WLD-120A",8,7,"WLD-120A-01",3,1,-1,"2019WI",8,1,-1,5,2,2,7,0,0,"WLD","WEDSATSUN"
"WLD-120D",8,1,"WLD-120D-01",7,7,-7,"2019WI",9,8,-8,9,8,-8,9,8,-8,"WLD","WEDSATSUN"
"WLD-125A",9,6,"WLD-125A-01",8,3,-3,"2019WI",10,4,-4,11,5,-5,10,4,-4,"WLD","MONTUE"
"WLD-125B",6,4,"WLD-125B-01",3,2,-2,"2019WI",5,1,-1,8,4,-4,6,2,-2,"WLD","MONTUE"
"WLD-125C",6,1,"WLD-125C-01",3,5,-5,"2019WI",4,3,-3,7,6,-6,6,5,-5,"WLD","MONTUE"
"WLD-126B",6,2,"WLD-126B-01",3,4,-4,"2019WI",5,3,-3,6,4,-4,6,4,-4,"WLD","WEDFRI"
"WLD-127A",12,11,"WLD-127A-01",12,1,-1,"2019WI",11,0,0,12,1,-1,12,1,-1,"WLD","WEDSATSUN"
"WLD-128B",14,12,"WLD-128B-03",11,2,-2,"2019WI",12,0,0,13,1,-1,13,1,-1,"WLD","FRISATSUN"
"WLD-128B",14,10,"WLD-128B-04",12,4,-4,"2019WI",12,2,-2,13,3,-3,13,3,-3,"WLD","FRISATSUN"
"WLD-128B",14,10,"WLD-128B-07",10,4,-4,"2019WI",11,1,-1,11,1,-1,12,2,-2,"WLD","FRISATSUN"
"WLD-128B",14,9,"WLD-128B-09",12,5,-5,"2019WI",12,3,-3,11,2,-2,12,3,-3,"WLD","TUEWEDTHU"
"WLD-128B",12,10,"WLD-128B-10",5,2,-2,"2019WI",9,1,1,7,3,3,9,1,1,"WLD","TUEWEDTHU"
"WLD-128E",13,15,"WLD-128E-02",16,2,2,"2019WI",13,2,2,12,3,3,13,2,2,"WLD","FRISAT"
